,Area,BHK,Bathroom,Locality,Parking,Price,Status,Transaction,Type,Semi-Furnished,Unfurnished
1,750.0,2,2.0,"J R Designers Floors, Rohini Sector 24",1.0,5000000,1,1,1,1,0
2,950.0,2,2.0,other,1.0,15500000,1,0,1,0,0
3,600.0,2,2.0,other,1.0,4200000,1,0,0,1,0
4,650.0,2,2.0,other,1.0,6200000,1,1,0,1,0
5,1300.0,4,3.0,other,1.0,15500000,1,1,0,1,0
6,1350.0,4,3.0,other,1.0,10000000,1,0,0,1,0
7,650.0,2,2.0,other,1.0,4000000,1,1,1,1,0
8,985.0,3,3.0,other,1.0,6800000,0,1,0,0,1
9,1300.0,4,4.0,other,1.0,15000000,1,1,0,1,0
10,1100.0,3,2.0,other,1.0,6200000,1,1,0,1,0
12,630.0,2,2.0,other,1.0,5500000,1,1,0,1,0
13,660.0,2,2.0,other,1.0,5000000,1,0,0,1,0
15,660.0,2,2.0,other,1.0,4700000,1,1,0,1,0
18,1150.0,3,3.0,other,1.0,25000000,1,0,1,1,0
19,650.0,2,2.0,other,1.0,6000000,1,0,0,1,0
20,850.0,2,2.0,other,1.0,11000000,1,0,1,1,0
22,430.556,1,1.0,other,2.0,5300000,1,0,1,0,0
23,900.0,2,2.0,other,1.0,10500000,1,0,1,1,0
24,914.9315,2,2.0,other,1.0,12000000,1,0,0,1,0
25,1100.0,3,3.0,other,1.0,7000000,1,1,0,0,0
27,500.0,1,1.0,other,1.0,3400000,1,0,1,1,0
29,2160.0,4,4.0,other,1.0,21000000,1,1,0,0,0
31,800.0,2,2.0,other,1.0,15000000,1,1,0,0,1
32,900.0,2,2.0,other,1.0,10500000,1,1,0,0,1
33,1080.0,3,2.0,other,1.0,22500000,1,1,0,1,0
34,750.0,2,2.0,other,1.0,13600000,1,1,0,0,1
35,1450.0,3,3.0,Lajpat Nagar 3,2.0,30000000,1,1,0,1,0
36,900.0,2,2.0,other,1.0,13500000,1,1,1,1,0
37,810.0,2,2.0,other,1.0,8910000,1,0,0,1,0
38,1350.0,3,4.0,other,1.0,25000000,1,0,1,0,1
39,1710.0,3,3.0,Lajpat Nagar 2,4.0,26000000,1,1,0,1,0
40,1650.0,3,3.0,other,1.0,30000000,1,0,0,1,0
41,1280.0,2,2.0,other,1.0,12500000,1,0,0,0,0
42,1260.0,3,3.0,Lajpat Nagar 3,1.0,21000000,1,0,0,1,0
43,1130.0,2,2.0,other,1.0,7800000,1,0,0,0,1
44,600.0,2,2.0,other,1.0,11500000,1,1,0,1,0
45,850.0,2,2.0,other,1.0,11500000,1,0,0,1,0
46,1500.0,3,3.0,Lajpat Nagar 2,2.0,26000000,1,1,0,1,0
47,900.0,2,2.0,other,2.0,13000000,1,1,0,1,0
48,1000.0,3,3.0,other,1.0,22000000,1,1,0,1,0
49,900.0,2,2.0,Lajpat Nagar 2,1.0,15800000,1,1,0,1,0
50,2925.0,4,4.0,Lajpat Nagar 3,2.0,57500000,1,1,0,0,1
51,900.0,2,2.0,other,2.0,10000000,1,0,0,0,1
52,1600.0,3,3.0,Lajpat Nagar 3,2.0,30000000,1,1,0,0,1
53,1143.0,3,3.0,other,2.0,22000000,1,1,0,0,1
54,1150.0,3,3.0,other,2.0,24000000,1,1,0,1,0
55,1500.0,3,3.0,Lajpat Nagar 3,1.0,31500000,1,0,0,1,0
56,850.0,2,2.0,Lajpat Nagar 2,1.0,14600000,1,0,0,1,0
58,890.0,2,2.0,other,1.0,8300000,1,0,0,1,0
59,1100.0,3,3.0,other,1.0,22500000,1,1,0,0,1
60,750.0,1,1.0,other,2.0,4600000,1,0,1,0,0
61,850.0,2,1.0,other,2.0,1900000,1,1,1,1,0
62,1350.0,3,2.0,other,1.0,5130000,1,1,1,0,1
63,1387.0,4,4.0,other,1.0,5890000,1,1,1,0,1
64,1050.0,3,2.0,other,1.0,3700000,1,1,1,0,1
65,1500.0,3,2.0,other,1.0,17400000,1,0,1,0,1
66,1200.0,3,3.0,other,1.0,15500000,1,0,1,1,0
67,700.0,2,1.0,other,1.0,2400000,0,1,1,1,0
68,1700.0,3,2.0,other,1.0,17200000,1,0,1,1,0
69,1550.0,3,2.0,other,2.0,14200000,1,0,1,0,0
70,1400.0,3,3.0,other,1.0,13500000,1,0,1,1,0
71,1900.0,4,4.0,other,1.0,30000000,1,0,1,1,0
72,2160.0,4,3.0,other,1.0,21000000,1,0,1,0,1
73,1700.0,4,3.0,other,1.0,20500000,1,0,1,0,1
74,1850.0,3,4.0,other,1.0,24000000,1,0,1,1,0
75,1800.0,4,2.0,other,1.0,16500000,1,0,1,1,0
76,1620.0,3,2.0,other,1.0,14900000,1,0,1,1,0
77,1800.0,4,3.0,other,1.0,19200000,1,0,1,0,0
78,1540.0,3,3.0,other,1.0,14500000,1,0,1,1,0
79,1600.0,3,3.0,other,1.0,15600000,1,0,1,1,0
80,1400.0,3,2.0,other,1.0,11400000,1,0,1,0,1
81,2300.0,4,4.0,other,1.0,31500000,1,0,1,0,0
82,1560.0,3,2.0,other,2.0,15800000,1,0,1,0,0
83,1500.0,3,3.0,other,2.0,16000000,1,0,1,1,0
84,1540.0,3,3.0,other,1.0,14500000,1,0,1,1,0
85,1050.0,2,2.0,other,1.0,10500000,1,0,1,0,1
86,1800.0,3,2.0,other,1.0,14800000,1,0,1,1,0
87,400.0,1,1.0,other,1.0,1850000,1,1,0,1,0
88,1150.0,3,2.0,other,1.0,6800000,1,1,0,1,0
89,1525.0,3,3.0,other,1.0,14200000,1,0,1,1,0
92,1450.0,3,3.0,Lajpat Nagar 3,2.0,30000000,1,1,0,1,0
93,1260.0,3,3.0,Lajpat Nagar 3,2.0,21000000,1,0,0,1,0
94,2925.0,4,4.0,Lajpat Nagar 3,2.0,57500000,1,1,0,0,1
95,1710.0,3,3.0,Lajpat Nagar 3,1.0,30000000,1,0,0,1,0
96,1600.0,3,3.0,Lajpat Nagar 3,1.0,30000000,1,1,0,0,1
97,1500.0,3,3.0,Lajpat Nagar 3,1.0,31500000,1,0,0,1,0
98,2200.0,3,3.0,Lajpat Nagar 3,1.0,30000000,1,0,0,0,1
100,1710.0,3,3.0,Lajpat Nagar 3,1.0,24800000,1,0,0,1,0
103,2880.0,4,5.0,Lajpat Nagar 3,1.0,46000000,1,1,0,0,1
104,2700.0,4,4.0,Lajpat Nagar 3,2.0,55000000,1,0,0,1,0
105,1400.0,3,3.0,Lajpat Nagar 3,1.0,24500000,1,0,0,0,1
106,1800.0,3,3.0,Lajpat Nagar 3,1.0,24500000,1,0,1,0,1
107,1400.0,3,3.0,Lajpat Nagar 3,1.0,32500000,1,1,0,1,0
108,1000.0,2,2.0,Lajpat Nagar 3,1.0,20000000,1,0,1,0,0
110,1000.0,2,2.0,Lajpat Nagar 3,1.0,20000000,1,0,1,0,0
111,1700.0,3,3.0,Lajpat Nagar 3,2.0,19000000,1,0,0,0,0
112,1600.0,3,3.0,Lajpat Nagar 3,2.0,26000000,1,0,0,0,1
113,1350.0,3,3.0,Lajpat Nagar 3,1.0,21000000,1,0,0,0,1
114,1700.0,3,3.0,Lajpat Nagar 3,1.0,27500000,1,0,0,1,0
115,1400.0,3,3.0,Lajpat Nagar 3,2.0,32500000,1,1,0,1,0
117,1350.0,3,3.0,Lajpat Nagar 3,1.0,21000000,1,0,0,1,0
118,1700.0,3,3.0,Lajpat Nagar 3,1.0,28000000,1,0,0,0,1
119,1600.0,3,3.0,Lajpat Nagar 3,2.0,29500000,1,0,0,0,1
121,800.0,2,2.0,Lajpat Nagar 2,1.0,14000000,1,1,0,0,1
122,1710.0,3,3.0,Lajpat Nagar 2,4.0,26000000,1,1,0,1,0
123,1350.0,2,2.0,Lajpat Nagar 2,4.0,12500000,1,0,0,0,0
124,1500.0,3,3.0,Lajpat Nagar 2,2.0,26000000,1,1,0,1,0
125,750.0,2,2.0,other,2.0,11500000,1,1,0,1,0
126,850.0,2,2.0,Lajpat Nagar 2,2.0,14600000,1,0,0,1,0
127,1575.0,3,3.0,Lajpat Nagar 2,1.0,25500000,1,1,0,1,0
128,1675.0,3,3.0,Lajpat Nagar 2,2.0,31000000,1,1,0,1,0
129,1350.0,3,3.0,Lajpat Nagar 2,2.0,22000000,1,0,0,1,0
130,900.0,2,2.0,Lajpat Nagar 2,2.0,13400000,1,1,0,1,0
131,1800.0,3,3.0,Lajpat Nagar 2,2.0,35000000,0,1,0,1,0
132,900.0,2,2.0,Lajpat Nagar 2,2.0,11000000,1,0,0,0,0
133,900.0,2,2.0,other,2.0,6300000,1,0,0,0,1
134,900.0,2,2.0,Lajpat Nagar 2,2.0,12500000,1,0,0,0,0
135,800.0,2,2.0,Lajpat Nagar 2,1.0,14500000,1,1,0,0,1
136,1100.0,2,3.0,Lajpat Nagar 2,1.0,22500000,1,1,0,1,0
137,810.0,2,2.0,Lajpat Nagar 2,1.0,15500000,1,1,0,1,0
138,1500.0,3,3.0,Lajpat Nagar 2,1.0,26000000,1,1,0,1,0
139,900.0,2,2.0,Lajpat Nagar 2,1.0,15800000,1,1,0,1,0
140,825.0,2,2.0,Lajpat Nagar 2,1.0,15000000,1,1,0,0,1
141,900.0,2,2.0,Lajpat Nagar 2,1.0,13000000,1,1,0,0,1
142,875.0,2,2.0,Lajpat Nagar 2,1.0,15000000,1,1,0,0,1
143,1350.0,3,3.0,Lajpat Nagar 2,1.0,25000000,1,1,0,1,0
144,750.0,2,2.0,Lajpat Nagar 2,1.0,16500000,1,1,0,1,0
145,900.0,2,2.0,Lajpat Nagar 2,1.0,10300000,1,1,0,0,1
146,1350.0,3,3.0,Lajpat Nagar 2,1.0,26000000,1,1,0,1,0
147,900.0,2,2.0,Lajpat Nagar 2,1.0,11000000,1,0,0,0,1
148,1800.0,3,3.0,Lajpat Nagar 2,1.0,28500000,1,1,0,0,1
149,900.0,2,2.0,Lajpat Nagar 2,1.0,11000000,1,0,0,0,1
150,900.0,2,1.0,other,1.0,11000000,1,0,1,0,0
154,900.0,3,2.0,other,1.0,4000000,1,0,0,1,0
156,450.0,1,1.0,other,1.0,2000000,1,0,0,0,0
161,400.0,1,1.0,other,1.0,2000000,1,0,0,0,0
163,4050.0,6,3.0,other,1.0,5100000,1,0,0,0,0
164,2400.0,6,4.0,other,1.0,6000000,1,0,0,0,0
167,666.0,1,2.0,other,1.0,3500000,1,0,0,0,0
168,1000.0,2,2.0,other,1.0,7600000,1,0,1,1,0
169,1360.0,4,3.0,other,1.0,13500000,1,1,0,1,0
170,1550.0,4,3.0,other,1.0,12500000,1,1,0,1,0
172,2170.0,4,4.0,other,2.0,22000000,1,1,0,0,1
175,950.0,3,2.0,other,1.0,7600000,1,1,0,1,0
176,2300.0,4,4.0,other,1.0,20000000,1,1,0,1,0
177,1300.0,4,4.0,other,1.0,15000000,1,1,0,1,0
178,1100.0,3,2.0,other,1.0,6200000,1,1,0,1,0
179,1030.0,3,2.0,other,1.0,6200000,1,1,0,0,0
180,350.0,1,1.0,other,1.0,2300000,1,1,0,1,0
181,750.0,2,2.0,"J R Designers Floors, Rohini Sector 24",1.0,5000000,1,1,1,1,0
182,720.0,2,2.0,"J R Designers Floors, Rohini Sector 24",1.0,4700000,1,1,1,1,0
183,800.0,2,2.0,"J R Designers Floors, Rohini Sector 24",1.0,5500000,1,1,1,1,0
184,350.0,1,1.0,"J R Designers Floors, Rohini Sector 24",1.0,2000000,1,1,1,1,0
185,980.0,3,2.0,"J R Designers Floors, Rohini Sector 24",1.0,7300000,1,1,1,1,0
186,1600.0,4,3.0,"J R Designers Floors, Rohini Sector 24",1.0,13000000,1,1,1,1,0
187,1450.0,3,3.0,"J R Designers Floors, Rohini Sector 24",1.0,11500000,1,1,1,1,0
189,380.0,1,1.0,"J R Designers Floors, Rohini Sector 24",1.0,2200000,1,1,1,1,0
190,680.0,2,2.0,"J R Designers Floors, Rohini Sector 24",1.0,4400000,1,1,1,1,0
191,1600.0,3,3.0,"J R Designers Floors, Rohini Sector 24",1.0,13500000,1,1,1,1,0
192,630.0,2,2.0,"J R Designers Floors, Rohini Sector 24",1.0,4100000,1,1,1,1,0
193,1500.0,3,2.0,"J R Designers Floors, Rohini Sector 24",1.0,12000000,1,1,1,1,0
195,2500.0,4,3.0,"J R Designers Floors, Rohini Sector 24",1.0,15000000,1,1,1,1,0
196,2800.0,5,4.0,"J R Designers Floors, Rohini Sector 24",1.0,17500000,1,1,1,1,0
197,300.0,1,1.0,"J R Designers Floors, Rohini Sector 24",1.0,1900000,1,1,1,1,0
199,1295.0,3,2.0,"J R Designers Floors, Rohini Sector 24",1.0,10000000,1,1,1,1,0
201,350.0,1,1.0,"J R Designers Floors, Rohini Sector 24",1.0,2400000,1,1,0,1,0
203,2200.0,4,4.0,"J R Designers Floors, Rohini Sector 24",1.0,23000000,1,1,0,1,0
204,2300.0,4,4.0,"J R Designers Floors, Rohini Sector 24",1.0,24500000,1,1,0,1,0
205,1150.0,3,2.0,"J R Designers Floors, Rohini Sector 24",1.0,10000000,1,1,0,1,0
210,750.0,2,2.0,"J R Designers Floors, Rohini Sector 24",1.0,5000000,1,1,1,1,0
211,3901.0,4,4.0,other,1.0,93000000,0,1,1,0,1
212,950.0,3,2.0,other,1.0,4370000,1,1,1,0,0
213,1000.0,3,2.0,other,1.0,4620000,1,1,1,0,1
214,850.0,2,1.0,other,1.0,1900000,1,1,1,1,0
216,1350.0,3,2.0,other,1.0,5130000,1,1,1,0,1
218,1387.0,4,4.0,other,1.0,5890000,1,1,1,0,1
221,1050.0,3,2.0,other,1.0,3700000,1,1,1,0,1
222,2700.0,4,3.0,other,1.0,60000000,1,1,0,1,0
223,1500.0,3,2.0,other,1.0,17400000,1,0,1,0,1
224,2900.0,5,5.0,other,1.0,51000000,0,1,0,0,0
226,1000.0,3,2.0,other,1.0,5510000,0,1,0,1,0
227,1135.0,3,3.0,"The Amaryllis, Karol Bagh",2.0,25000000,0,0,1,0,0
228,2306.0,3,3.0,other,1.0,57000000,0,1,1,0,1
229,850.0,2,2.0,other,1.0,2940000,0,1,1,1,0
230,1200.0,3,3.0,other,1.0,15500000,1,0,1,1,0
231,1700.0,3,2.0,other,1.0,17200000,1,0,1,1,0
233,1100.0,2,2.0,other,1.0,15000000,1,0,1,1,0
234,22050.0,4,4.0,other,2.0,51000000,0,1,0,1,0
235,1550.0,4,3.0,other,1.0,13000000,1,1,0,1,0
236,1600.0,3,3.0,other,1.0,30000000,1,1,0,1,0
237,700.0,2,2.0,other,1.0,2400000,1,1,0,1,0
239,3510.0,4,4.0,other,2.0,45000000,1,0,0,1,0
240,4500.0,4,4.0,New Friends Colony,2.0,60000000,1,1,0,1,0
243,4300.0,4,4.0,other,2.0,60000000,1,0,0,0,1
244,1700.0,3,3.0,other,2.0,38500000,1,1,0,1,0
245,2500.0,3,3.0,other,2.0,50000000,1,0,1,1,0
246,4500.0,4,4.0,New Friends Colony,2.0,75000000,1,1,0,1,0
248,10350.0,4,7.0,other,3.0,160000000,1,1,1,1,0
249,4800.0,3,4.0,other,1.0,85000000,1,0,0,1,0
250,1600.0,3,3.0,New Friends Colony,2.0,40000000,1,0,1,1,0
255,8150.0,4,5.0,other,4.0,170000000,1,1,0,0,1
256,2200.0,4,4.0,other,2.0,50000000,1,0,0,1,0
257,3500.0,4,5.0,New Friends Colony,2.0,58000000,1,1,0,1,0
258,2070.0,3,3.0,other,2.0,37500000,1,1,0,1,0
259,3500.0,3,3.0,other,1.0,45000000,1,0,0,0,1
261,2800.0,6,4.0,other,2.0,29500000,1,0,1,1,0
262,2550.0,4,4.0,New Friends Colony,1.0,60000000,1,0,0,0,1
263,4500.0,4,4.0,New Friends Colony,2.0,70000000,1,0,0,1,0
266,2700.0,4,4.0,other,2.0,52500000,1,1,0,1,0
267,4500.0,4,4.0,New Friends Colony,2.0,55000000,1,0,0,1,0
268,7200.0,4,4.0,other,2.0,120000000,1,0,0,1,0
271,2200.0,4,4.0,"Kailash Colony, Greater Kailash",2.0,47500000,1,1,0,1,0
272,3500.0,5,5.0,"Kailash Colony, Greater Kailash",1.0,70000000,1,1,0,1,0
273,2200.0,4,4.0,"Kailash Colony, Greater Kailash",2.0,47500000,1,1,0,1,0
274,2200.0,4,4.0,"Kailash Colony, Greater Kailash",1.0,40000000,1,1,0,1,0
275,3500.0,4,4.0,"Kailash Colony, Greater Kailash",3.0,85000000,1,1,0,1,0
276,1440.0,3,3.0,"Kailash Colony, Greater Kailash",3.0,26000000,1,1,0,1,0
277,3150.0,4,4.0,"Kailash Colony, Greater Kailash",3.0,35000000,1,0,0,1,0
278,900.0,2,2.0,"Kailash Colony, Greater Kailash",3.0,20000000,1,0,0,1,0
279,3690.0,4,5.0,"Kailash Colony, Greater Kailash",3.0,79000000,0,1,0,1,0
280,1200.0,3,2.0,"Kailash Colony, Greater Kailash",3.0,17000000,1,0,0,1,0
281,4500.0,4,4.0,"Kailash Colony, Greater Kailash",2.0,47500000,1,0,0,1,0
282,2799.0,4,4.0,"Kailash Colony, Greater Kailash",2.0,43000000,1,1,0,1,0
283,1350.0,3,3.0,"Kailash Colony, Greater Kailash",1.0,26000000,1,1,0,0,1
284,1200.0,3,3.0,"Kailash Colony, Greater Kailash",1.0,25000000,1,1,0,0,1
285,2177.0,4,5.0,"Kailash Colony, Greater Kailash",2.0,51000000,1,1,0,1,0
287,1600.0,3,3.0,"Kailash Colony, Greater Kailash",1.0,22500000,1,0,0,0,1
288,4500.0,4,4.0,"Kailash Colony, Greater Kailash",1.0,70000000,1,1,0,1,0
289,2150.0,4,4.0,"Kailash Colony, Greater Kailash",2.0,45000000,1,1,0,0,1
290,2107.0,4,4.0,"Kailash Colony, Greater Kailash",2.0,51100000,1,1,1,1,0
291,1150.0,3,3.0,"Kailash Colony, Greater Kailash",1.0,25500000,1,1,0,1,0
292,1240.0,3,3.0,"Kailash Colony, Greater Kailash",2.0,26500000,1,1,0,0,1
293,1000.0,2,2.0,"Kailash Colony, Greater Kailash",1.0,15000000,1,0,0,0,1
294,4500.0,4,4.0,"Kailash Colony, Greater Kailash",2.0,55000000,1,0,0,1,0
295,1150.0,3,3.0,"Kailash Colony, Greater Kailash",2.0,26000000,1,1,0,1,0
296,2000.0,4,4.0,"Kailash Colony, Greater Kailash",2.0,38000000,1,0,0,1,0
297,4500.0,4,5.0,"Kailash Colony, Greater Kailash",2.0,72500000,1,0,0,1,0
298,3000.0,4,5.0,"Kailash Colony, Greater Kailash",4.0,65000000,1,1,0,1,0
301,1350.0,4,3.0,other,2.0,9500000,1,0,1,0,1
302,900.0,2,2.0,other,1.0,4500000,1,0,0,1,0
303,970.0,3,2.0,other,1.0,6500000,1,0,0,1,0
304,1000.0,3,2.0,other,1.0,5650000,1,0,0,0,0
305,1425.0,3,3.0,other,1.0,9300000,1,0,0,1,0
307,1017.0,2,2.0,other,1.0,6500000,1,1,0,0,0
308,650.0,2,2.0,other,1.0,5800000,1,0,1,1,0
309,950.0,3,2.0,other,1.0,5500000,1,0,1,1,0
311,750.0,2,2.0,other,1.0,4500000,1,0,0,0,1
312,990.0,2,2.0,other,2.0,4100000,1,0,0,1,0
314,675.0,2,1.0,other,1.0,3300000,1,0,1,0,1
318,1350.0,4,3.0,other,1.0,11300000,1,1,0,1,0
320,846.0,2,1.0,other,1.0,3300000,1,1,1,0,1
321,1300.0,4,3.0,other,1.0,11500000,1,1,0,0,0
322,900.0,3,2.0,other,1.0,6000000,0,1,0,1,0
323,1050.0,3,2.0,other,1.0,9000000,1,0,1,1,0
324,850.0,2,2.0,other,1.0,4500000,1,0,0,0,0
325,1650.0,4,3.0,other,1.0,14000000,0,1,1,0,0
326,1150.0,2,2.0,other,1.0,7300000,1,0,1,1,0
327,495.1394,1,1.0,other,1.0,1900000,1,0,0,0,0
328,1053.0,3,2.0,other,4.0,7000000,1,0,0,0,0
330,750.0,1,2.0,"Yamuna Vihar, Shahdara",1.0,6400000,1,0,0,1,0
332,747.0,2,2.0,"Yamuna Vihar, Shahdara",1.0,6500000,1,0,0,0,0
333,720.0,2,1.0,"Yamuna Vihar, Shahdara",1.0,4000000,1,0,0,0,1
334,376.7365,1,1.0,"Yamuna Vihar, Shahdara",1.0,3000000,1,1,1,1,0
335,1125.0,2,2.0,"Yamuna Vihar, Shahdara",1.0,5000000,1,0,0,0,1
336,713.0,2,2.0,"Yamuna Vihar, Shahdara",1.0,6000000,1,1,0,1,0
337,360.0,1,1.0,"Yamuna Vihar, Shahdara",1.0,2500000,1,0,0,0,1
338,900.0,2,2.0,"Yamuna Vihar, Shahdara",1.0,6500000,1,0,1,1,0
343,2430.0,4,3.0,"Yamuna Vihar, Shahdara",1.0,25000000,1,0,0,0,0
345,2970.0,7,4.0,"Yamuna Vihar, Shahdara",1.0,26500000,1,0,0,0,0
346,2250.0,3,2.0,"Yamuna Vihar, Shahdara",1.0,18500000,1,0,0,0,0
347,1500.0,5,3.0,"Yamuna Vihar, Shahdara",1.0,30000000,1,0,0,0,0
348,1512.0,2,2.0,"Yamuna Vihar, Shahdara",1.0,22000000,1,0,0,0,0
355,700.0,2,1.0,"Yamuna Vihar, Shahdara",2.0,16000000,1,1,0,0,0
358,850.0,2,2.0,other,1.0,4500000,1,0,0,0,0
360,450.0,1,2.0,Laxmi Nagar,1.0,2700000,1,0,0,0,1
361,1000.0,3,2.0,Laxmi Nagar,1.0,6500000,1,0,1,0,1
362,990.0,3,2.0,Laxmi Nagar,1.0,4000000,1,0,1,0,1
365,1000.0,2,2.0,Laxmi Nagar,1.0,7500000,1,0,1,0,1
366,900.0,3,2.0,Laxmi Nagar,1.0,7000000,1,0,0,1,0
370,675.0,2,2.0,Laxmi Nagar,2.0,2400000,1,0,0,0,0
371,1700.0,4,3.0,Laxmi Nagar,2.0,11500000,1,1,0,0,1
373,387.0,1,2.0,other,2.0,1700000,1,1,0,0,1
380,1000.0,3,3.0,other,1.0,12500000,1,0,0,0,0
381,715.0,2,2.0,Laxmi Nagar,1.0,5600000,1,0,1,0,1
382,600.0,2,2.0,Laxmi Nagar,1.0,7000000,1,0,0,0,1
387,900.0,3,2.0,Laxmi Nagar,1.0,6000000,1,0,0,1,0
388,1000.0,3,2.0,Laxmi Nagar,1.0,6000000,1,0,1,0,1
390,950.0,3,2.0,other,1.0,4370000,1,1,1,0,0
391,1000.0,3,2.0,other,1.0,4620000,1,1,1,0,1
394,1000.0,3,2.0,other,1.0,5510000,0,1,0,1,0
399,360.0,1,1.0,other,1.0,1700000,1,1,0,1,0
400,900.0,3,2.0,other,1.0,2800000,1,1,0,1,0
402,1200.0,4,3.0,other,1.0,6800000,1,1,0,1,0
403,1000.0,3,2.0,other,1.0,6200000,1,1,0,1,0
404,620.0,2,2.0,other,1.0,3100000,1,1,0,1,0
406,805.0,2,2.0,other,1.0,4000000,1,0,0,0,1
407,729.0,2,2.0,other,1.0,4800000,1,0,0,1,0
409,360.0,1,1.0,other,1.0,2000000,1,1,0,1,0
411,1001.0,3,2.0,other,1.0,5800000,1,1,0,0,0
415,675.0,2,1.0,other,1.0,2900000,1,0,0,0,1
420,3901.0,4,4.0,other,1.0,93000000,0,1,1,0,1
423,900.0,3,2.0,Patel Nagar West,1.0,9500000,1,0,0,1,0
424,1680.0,4,5.0,Patel Nagar West,1.0,20000000,1,0,0,1,0
425,900.0,2,2.0,Patel Nagar West,3.0,7400000,1,0,0,0,0
426,2000.0,3,3.0,other,1.0,37500000,1,0,1,1,0
427,2000.0,4,4.0,Patel Nagar West,3.0,15000000,1,0,0,1,0
429,1530.0,3,3.0,other,2.0,26500000,1,0,0,1,0
431,900.0,3,2.0,Patel Nagar West,2.0,10400000,1,0,0,0,0
433,950.0,2,2.0,Patel Nagar West,2.0,8000000,1,0,0,1,0
434,1800.0,3,3.0,other,2.0,27000000,1,0,0,1,0
435,1500.0,3,3.0,Patel Nagar West,2.0,19500000,1,0,0,1,0
437,1800.0,3,3.0,Patel Nagar West,3.0,21100000,1,0,0,0,1
438,2306.0,3,3.0,other,1.0,57000000,0,1,1,0,1
439,850.0,2,3.0,Patel Nagar West,1.0,5900000,1,0,0,1,0
441,900.0,3,2.0,Patel Nagar West,1.0,12000000,1,0,0,0,1
442,1800.0,3,3.0,Patel Nagar West,1.0,24000000,1,0,1,0,1
444,1782.0,3,3.0,other,1.0,15000000,1,0,1,1,0
445,900.0,2,2.0,other,1.0,1500000,1,0,0,0,0
447,1500.0,3,3.0,Patel Nagar West,1.0,12500000,1,0,0,0,1
449,2000.0,4,4.0,other,2.0,36500000,1,0,1,0,1
450,1200.0,3,2.0,other,1.0,20000000,1,0,1,1,0
451,1100.0,2,2.0,other,1.0,15000000,1,0,1,1,0
452,1400.0,3,2.0,other,2.0,25000000,1,1,1,1,0
453,1600.0,3,2.0,other,2.0,18500000,1,0,1,1,0
454,1600.0,4,3.0,other,2.0,23500000,1,0,1,0,1
455,600.0,1,1.0,other,1.0,8000000,1,1,1,1,0
456,1600.0,3,2.0,other,1.0,23000000,1,0,1,0,1
457,2000.0,3,3.0,other,1.0,31000000,1,0,1,0,1
458,650.0,1,2.0,other,1.0,7400000,1,0,1,1,0
459,1100.0,2,2.0,other,1.0,15500000,1,0,1,0,1
460,1075.0,2,2.0,other,2.0,12000000,1,1,1,1,0
461,1450.0,3,2.0,other,2.0,23500000,1,0,1,1,0
462,1200.0,3,2.0,other,2.0,25000000,1,0,1,1,0
463,600.0,1,2.0,other,2.0,7000000,1,1,1,0,1
464,1000.0,2,2.0,other,1.0,17500000,1,0,1,0,1
465,1600.0,3,2.0,other,1.0,25000000,1,0,1,1,0
466,1750.0,4,4.0,other,1.0,29000000,1,1,1,0,1
467,1300.0,3,3.0,other,1.0,21900000,1,0,1,1,0
468,550.0,1,2.0,other,1.0,7500000,1,0,1,0,0
469,2200.0,4,3.0,other,2.0,23500000,1,0,1,1,0
470,1100.0,2,2.0,other,2.0,24000000,1,0,1,1,0
471,1700.0,3,2.0,other,2.0,31000000,1,0,0,1,0
472,1100.0,2,2.0,other,3.0,16500000,1,0,1,1,0
473,1000.0,2,2.0,other,1.0,5000000,1,0,0,0,0
474,1350.0,3,2.0,other,1.0,24000000,1,1,1,0,0
475,1184.0,2,2.0,other,1.0,17000000,1,0,1,1,0
476,2000.0,4,2.0,other,1.0,40000000,1,1,1,0,0
478,900.0,3,3.0,other,2.0,20000000,1,0,0,0,0
480,750.0,2,2.0,"J R Designers Floors, Rohini Sector 24",1.0,5000000,1,1,1,1,0
481,3901.0,4,4.0,other,1.0,93000000,0,1,1,0,1
482,950.0,3,2.0,other,1.0,4370000,1,1,1,0,0
483,1000.0,3,2.0,other,1.0,4620000,1,1,1,0,1
484,850.0,2,1.0,other,1.0,1900000,1,1,1,1,0
486,1350.0,3,2.0,other,1.0,5130000,1,1,1,0,1
488,1387.0,4,4.0,other,1.0,5890000,1,1,1,0,1
491,1050.0,3,2.0,other,1.0,3700000,1,1,1,0,1
492,2700.0,4,3.0,other,1.0,60000000,1,1,0,1,0
493,1500.0,3,2.0,other,1.0,17400000,1,0,1,0,1
494,2900.0,5,5.0,other,1.0,51000000,0,1,0,0,0
496,1000.0,3,2.0,other,1.0,5510000,0,1,0,1,0
497,1135.0,3,3.0,"The Amaryllis, Karol Bagh",2.0,25000000,0,0,1,0,0
498,2306.0,3,3.0,other,1.0,57000000,0,1,1,0,1
499,850.0,2,2.0,other,1.0,2940000,0,1,1,1,0
500,1200.0,3,3.0,other,1.0,15500000,1,0,1,1,0
501,1700.0,3,2.0,other,1.0,17200000,1,0,1,1,0
503,1100.0,2,2.0,other,1.0,15000000,1,0,1,1,0
504,22050.0,4,4.0,other,2.0,51000000,0,1,0,1,0
505,1550.0,4,3.0,other,1.0,13000000,1,1,0,1,0
506,1600.0,3,3.0,other,1.0,30000000,1,1,0,1,0
507,700.0,2,2.0,other,1.0,2400000,1,1,0,1,0
520,1750.0,4,4.0,other,1.0,29000000,1,1,1,0,1
521,2210.0,4,3.0,"Sukhdev Vihar, Okhla",1.0,41000000,1,0,0,1,0
524,380.0,1,1.0,other,1.0,2200000,1,0,0,0,1
525,904.1676,2,2.0,other,1.0,21500000,1,1,1,0,0
531,900.0,2,1.0,other,1.0,6200000,1,1,0,1,0
532,1650.0,4,3.0,other,1.0,14000000,0,1,1,0,0
533,1000.0,2,2.0,Laxmi Nagar,1.0,7500000,1,0,1,0,1
534,852.0,2,2.0,other,1.0,2670000,1,0,1,0,1
535,700.0,2,2.0,other,1.0,2500000,1,0,1,1,0
536,990.0,3,2.0,Laxmi Nagar,1.0,4000000,1,0,1,0,1
538,1000.0,2,2.0,Laxmi Nagar,1.0,5000000,1,1,1,0,1
539,1700.0,4,3.0,Saket,2.0,29500000,1,0,0,1,0
540,1350.0,3,2.0,other,1.0,19000000,1,0,0,0,1
541,2100.0,4,3.0,Saket,1.0,25500000,1,0,1,0,0
543,3000.0,4,5.0,Saket,4.0,75000000,1,1,0,1,0
544,1450.0,3,3.0,other,1.0,34000000,0,1,0,1,0
545,2050.0,4,4.0,Saket,1.0,47500000,1,1,0,1,0
546,3000.0,4,5.0,other,3.0,75000000,1,1,0,1,0
547,1800.0,3,3.0,other,2.0,23000000,1,0,1,1,0
549,1500.0,3,2.0,other,2.0,21500000,1,0,1,1,0
550,1500.0,3,2.0,Saket,1.0,28500000,1,1,0,1,0
551,1800.0,4,4.0,other,1.0,12500000,1,0,0,1,0
553,2025.0,4,3.0,Saket,2.0,30500000,1,0,0,0,0
554,1300.0,3,3.0,Saket,3.0,22500000,1,0,0,1,0
556,2100.0,3,4.0,Saket,2.0,25000000,1,0,0,1,0
557,2250.0,4,4.0,Saket,2.0,33700000,1,0,0,1,0
558,1500.0,3,3.0,Saket,1.0,27000000,1,0,0,1,0
559,2700.0,4,4.0,Saket,2.0,43500000,1,1,0,1,0
560,1700.0,3,3.0,other,2.0,29000000,1,1,0,1,0
561,1700.0,3,3.0,Saket,2.0,30000000,1,0,0,1,0
563,1800.0,3,3.0,Saket,1.0,32500000,1,1,0,0,1
564,1500.0,3,2.0,Saket,1.0,20500000,1,0,1,1,0
565,2000.0,4,3.0,Saket,1.0,25000000,1,0,1,1,0
566,1500.0,3,3.0,Saket,2.0,30000000,1,0,0,1,0
567,24300.0,4,5.0,Saket,2.0,51000000,1,0,0,1,0
568,2475.0,4,4.0,Saket,1.0,31000000,1,0,0,1,0
570,1300.0,3,3.0,other,1.0,32500000,1,1,0,1,0
571,1500.0,3,3.0,Safdarjung Enclave,4.0,37500000,1,1,0,1,0
574,1100.0,2,2.0,Safdarjung Enclave,1.0,16300000,1,0,1,0,1
576,1100.0,3,3.0,other,1.0,25000000,1,0,0,0,1
577,1550.0,3,3.0,Safdarjung Enclave,1.0,38000000,1,1,0,1,0
578,700.0,2,2.0,Safdarjung Enclave,1.0,15000000,1,0,0,0,1
580,540.0,1,1.0,other,1.0,3000000,1,0,0,0,1
581,810.0,2,2.0,other,1.0,8500000,1,0,0,1,0
582,3250.0,4,4.0,other,1.0,55000000,1,0,0,1,0
583,1600.0,3,3.0,Safdarjung Enclave,2.0,22500000,1,0,0,1,0
584,4000.0,4,4.0,Safdarjung Enclave,1.0,72500000,1,0,0,1,0
586,900.0,3,3.0,other,1.0,12500000,1,1,0,1,0
587,972.0,2,2.0,Safdarjung Enclave,1.0,17000000,1,0,1,1,0
588,4150.0,4,4.0,Safdarjung Enclave,3.0,82500000,1,1,0,0,1
589,2250.0,4,5.0,Safdarjung Enclave,2.0,55000000,1,1,0,1,0
590,1650.0,3,3.0,Safdarjung Enclave,1.0,35000000,1,1,0,1,0
591,2610.0,4,4.0,other,2.0,42500000,1,0,0,1,0
592,600.0,2,2.0,other,1.0,4700000,1,0,0,1,0
596,4200.0,4,5.0,Safdarjung Enclave,3.0,74000000,1,1,0,1,0
598,2200.0,4,4.0,other,3.0,52500000,1,1,0,1,0
600,1078.0,3,2.0,other,1.0,15500000,1,1,0,0,1
601,1710.0,3,3.0,other,1.0,22000000,1,0,0,0,1
602,1150.0,3,3.0,other,1.0,21000000,1,0,0,1,0
604,1818.0,3,3.0,other,1.0,22000000,1,0,0,0,1
605,1800.0,3,2.0,other,1.0,26500000,1,0,0,0,1
606,780.0,2,2.0,other,1.0,8770000,1,0,0,0,1
607,405.0,1,1.0,other,1.0,4500000,1,0,1,1,0
608,900.0,2,3.0,other,1.0,8500000,1,0,1,1,0
609,807.2925,2,2.0,other,1.0,8600000,1,0,1,0,1
610,2700.0,4,3.0,other,1.0,42500000,1,0,0,1,0
611,1100.0,3,2.0,other,2.0,13100000,1,0,1,1,0
613,2152.78,3,3.0,other,2.0,30000000,1,1,0,0,0
614,960.0,2,2.0,other,2.0,13000000,1,0,1,1,0
615,1800.0,4,3.0,other,2.0,23100000,1,0,0,0,1
616,1100.0,3,2.0,other,1.0,16000000,1,0,1,1,0
617,900.0,2,2.0,other,1.0,12500000,1,0,0,0,1
618,1620.0,3,3.0,other,1.0,24500000,1,1,0,0,0
619,378.0,1,1.0,other,1.0,3200000,1,0,1,0,1
621,1350.0,3,3.0,other,1.0,15000000,1,0,0,1,0
623,1580.0,3,2.0,other,1.0,21000000,1,0,1,0,0
624,820.0,2,3.0,other,1.0,7500000,1,0,1,0,1
626,14220.0,3,3.0,other,1.0,27500000,1,1,0,1,0
628,1500.0,3,2.0,other,2.0,18000000,1,0,1,1,0
629,1600.0,3,3.0,other,1.0,15600000,1,0,1,1,0
630,1650.0,3,3.0,other,1.0,15500000,1,0,1,1,0
631,1600.0,3,3.0,other,1.0,15200000,1,0,1,1,0
632,1900.0,3,3.0,other,1.0,25000000,1,0,1,0,0
633,1400.0,3,2.0,other,1.0,15000000,1,0,1,0,0
634,1550.0,3,2.0,other,1.0,15800000,1,0,1,1,0
635,2000.0,4,3.0,other,1.0,31500000,1,0,1,0,0
636,1500.0,3,3.0,other,1.0,14000000,1,0,1,1,0
637,1550.0,3,2.0,other,1.0,13200000,1,0,1,1,0
638,1600.0,3,2.0,other,1.0,15800000,1,0,1,1,0
639,1600.0,3,3.0,other,1.0,16200000,1,0,1,0,1
640,1800.0,3,2.0,other,1.0,15500000,1,0,1,1,0
641,1470.0,3,2.0,other,1.0,14500000,1,0,1,1,0
642,1500.0,3,2.0,other,1.0,14900000,1,0,1,1,0
643,1750.0,3,3.0,other,1.0,17200000,1,0,1,0,0
644,1650.0,3,3.0,other,1.0,18000000,1,0,1,0,0
645,1850.0,3,2.0,other,1.0,15500000,1,0,1,1,0
646,1480.0,3,2.0,other,1.0,15800000,1,0,1,0,0
647,1214.0,2,2.0,other,1.0,12600000,1,0,1,0,0
648,1380.0,3,2.0,other,1.0,15000000,1,0,1,1,0
649,1600.0,4,2.0,other,1.0,19500000,1,0,1,0,0
650,1585.0,3,3.0,other,1.0,16600000,1,0,1,1,0
651,1700.0,3,3.0,other,1.0,17200000,1,0,1,1,0
652,1200.0,2,2.0,other,1.0,13000000,1,0,1,1,0
653,1800.0,4,3.0,other,1.0,16500000,1,0,1,1,0
654,1000.0,2,2.0,other,1.0,10700000,1,0,1,1,0
655,1500.0,3,2.0,other,1.0,16200000,1,0,1,0,0
656,1700.0,3,2.0,other,1.0,16500000,1,0,1,0,0
657,1750.0,3,2.0,other,1.0,14900000,1,0,1,0,0
658,2700.0,4,3.0,other,1.0,27500000,1,0,1,0,0
660,3405.0,5,5.0,"Common Wealth Games Village, Commonwealth Games Village 2010",3.0,70000000,1,0,1,1,0
661,1500.0,3,3.0,other,3.0,35500000,1,0,1,1,0
662,2105.0,3,3.0,"Common Wealth Games Village, Commonwealth Games Village 2010",3.0,42100000,1,0,1,0,1
663,2500.0,4,5.0,other,3.0,42500000,1,0,1,1,0
664,2090.0,3,4.0,"Common Wealth Games Village, Commonwealth Games Village 2010",2.0,44000000,1,0,1,1,0
665,2525.0,4,5.0,other,3.0,43200000,1,0,1,1,0
666,2500.0,4,4.0,other,2.0,52500000,1,0,1,1,0
667,2100.0,3,4.0,"Common Wealth Games Village, Commonwealth Games Village 2010",2.0,34300000,1,0,1,0,0
668,2022.0,3,3.0,other,2.0,38000000,1,0,1,1,0
669,2650.0,4,5.0,other,2.0,52500000,1,0,1,0,0
670,1850.0,3,3.0,"Common Wealth Games Village, Commonwealth Games Village 2010",2.0,37500000,1,0,1,0,1
671,2100.0,3,3.0,"Common Wealth Games Village, Commonwealth Games Village 2010",2.0,37000000,1,0,1,1,0
672,1700.0,3,4.0,other,2.0,40000000,1,0,1,1,0
673,2105.0,3,3.0,"Common Wealth Games Village, Commonwealth Games Village 2010",2.0,36200000,1,0,1,1,0
674,1250.0,2,3.0,"Common Wealth Games Village, Commonwealth Games Village 2010",1.0,29000000,1,0,1,1,0
675,2552.0,4,5.0,other,3.0,42500000,1,1,1,0,0
676,3112.0,5,6.0,other,3.0,60000000,1,0,1,1,0
677,2125.0,3,3.0,other,2.0,36500000,1,0,1,1,0
678,2065.0,3,4.0,"Common Wealth Games Village, Commonwealth Games Village 2010",2.0,42500000,1,0,1,1,0
679,3405.0,5,4.0,"Common Wealth Games Village, Commonwealth Games Village 2010",3.0,71500000,1,0,1,1,0
680,3050.0,5,5.0,"Common Wealth Games Village, Commonwealth Games Village 2010",3.0,65000000,1,1,1,1,0
682,1455.0,2,2.0,other,2.0,27500000,1,0,1,1,0
683,3400.0,5,5.0,other,3.0,70000000,1,1,1,1,0
684,3100.0,5,5.0,"Common Wealth Games Village, Commonwealth Games Village 2010",3.0,65000000,1,0,1,1,0
685,1400.0,2,3.0,"Common Wealth Games Village, Commonwealth Games Village 2010",3.0,28600000,1,0,1,0,1
686,2126.0,3,3.0,"Common Wealth Games Village, Commonwealth Games Village 2010",2.0,39000000,1,0,1,1,0
687,1815.0,3,3.0,other,2.0,32500000,1,0,1,1,0
688,1700.0,3,3.0,other,2.0,34000000,1,0,1,0,1
690,980.0,2,2.0,other,2.0,13800000,1,0,1,1,0
691,1350.0,3,3.0,other,2.0,21000000,1,0,1,1,0
692,1800.0,3,3.0,other,2.0,22500000,1,0,1,1,0
693,968.751,2,2.0,other,2.0,15000000,1,0,1,1,0
694,1250.0,3,3.0,other,2.0,20000000,1,1,1,1,0
695,1800.0,3,3.0,other,2.0,20000000,1,1,1,0,0
696,1400.0,3,2.0,other,2.0,26000000,1,0,0,1,0
697,1000.0,3,3.0,other,2.0,19500000,1,0,1,1,0
698,1800.0,4,2.0,other,1.0,21500000,1,0,1,1,0
699,1500.0,3,3.0,Alaknanda,1.0,26500000,1,1,1,0,1
700,1600.0,3,3.0,other,2.0,20000000,1,0,1,1,0
701,1400.0,3,3.0,other,1.0,18000000,1,0,1,0,0
702,1400.0,3,2.0,Alaknanda,1.0,19000000,1,0,1,0,1
703,2700.0,4,4.0,other,2.0,36500000,1,0,0,0,1
704,1100.0,2,2.0,Alaknanda,2.0,15000000,1,0,1,0,1
705,1200.0,2,2.0,Alaknanda,2.0,17500000,1,0,1,1,0
706,1400.0,2,2.0,Alaknanda,2.0,14000000,1,0,1,1,0
707,1500.0,3,3.0,other,2.0,21000000,1,0,1,1,0
708,1320.0,3,2.0,Alaknanda,2.0,15600000,1,0,1,0,1
709,1300.0,3,3.0,other,2.0,19000000,1,0,1,0,1
710,1150.0,2,2.0,other,1.0,16500000,1,0,1,0,1
711,1440.0,3,3.0,Alaknanda,1.0,19000000,1,0,1,0,1
712,1400.0,2,2.0,other,1.0,16500000,1,0,1,0,1
713,450.0,1,1.0,Alaknanda,1.0,3000000,1,0,0,1,0
714,1300.0,2,2.0,other,1.0,15000000,1,0,1,1,0
715,1200.0,2,2.0,other,1.0,14300000,1,0,1,0,1
716,1300.0,3,2.0,other,1.0,18500000,1,0,1,0,1
717,1400.0,3,3.0,other,1.0,19000000,1,0,1,0,0
718,1400.0,3,3.0,Alaknanda,1.0,19000000,1,0,1,1,0
720,1600.0,4,2.0,other,2.0,15800000,1,0,1,1,0
722,1600.0,4,2.0,other,1.0,15500000,1,0,1,1,0
723,1250.0,3,2.0,"DDA Flats Sarita Vihar, Sarita Vihar, Mathura Road",2.0,16000000,1,0,1,1,0
724,950.0,2,2.0,"DDA Flats Sarita Vihar, Sarita Vihar, Mathura Road",2.0,12900000,1,0,1,0,0
725,1200.0,3,3.0,"DDA Flats Sarita Vihar, Sarita Vihar, Mathura Road",2.0,13500000,1,0,1,0,0
726,1400.0,4,2.0,"DDA Flats Sarita Vihar, Sarita Vihar, Mathura Road",2.0,17800000,1,0,1,0,0
727,950.0,2,2.0,"DDA Flats Sarita Vihar, Sarita Vihar, Mathura Road",2.0,13200000,1,0,1,0,0
728,1350.0,3,3.0,"DDA Flats Sarita Vihar, Sarita Vihar, Mathura Road",2.0,14000000,1,0,1,1,0
729,1550.0,4,2.0,"DDA Flats Sarita Vihar, Sarita Vihar, Mathura Road",2.0,17500000,1,0,1,0,0
730,1300.0,3,2.0,"DDA Flats Sarita Vihar, Sarita Vihar, Mathura Road",2.0,17000000,1,0,1,1,0
731,1000.0,2,2.0,other,2.0,13000000,1,0,1,0,0
732,1500.0,3,3.0,other,2.0,17000000,1,0,1,0,0
733,950.0,2,2.0,"DDA Flats Sarita Vihar, Sarita Vihar, Mathura Road",2.0,12700000,1,0,1,0,0
734,1200.0,3,2.0,"DDA Flats Sarita Vihar, Sarita Vihar, Mathura Road",2.0,13500000,1,0,1,0,0
735,1400.0,4,2.0,"DDA Flats Sarita Vihar, Sarita Vihar, Mathura Road",2.0,17400000,1,0,1,0,0
736,1500.0,4,2.0,"DDA Flats Sarita Vihar, Sarita Vihar, Mathura Road",2.0,17800000,1,0,1,0,0
737,1050.0,2,2.0,"DDA Flats Sarita Vihar, Sarita Vihar, Mathura Road",2.0,12700000,1,0,1,0,0
738,1550.0,4,2.0,"DDA Flats Sarita Vihar, Sarita Vihar, Mathura Road",2.0,16200000,1,0,1,0,0
739,950.0,2,2.0,"DDA Flats Sarita Vihar, Sarita Vihar, Mathura Road",2.0,11100000,1,0,1,0,0
740,1150.0,2,2.0,"DDA Flats Sarita Vihar, Sarita Vihar, Mathura Road",2.0,13600000,1,0,1,0,0
741,1150.0,2,2.0,other,2.0,13100000,1,0,1,0,0
742,1150.0,2,2.0,"DDA Flats Sarita Vihar, Sarita Vihar, Mathura Road",2.0,12500000,1,0,1,0,0
743,1500.0,3,2.0,"DDA Flats Sarita Vihar, Sarita Vihar, Mathura Road",2.0,13600000,1,0,1,0,0
744,1800.0,4,4.0,other,2.0,12000000,1,1,1,0,0
745,1300.0,3,3.0,other,1.0,20000000,1,1,1,0,0
746,1150.0,2,2.0,other,1.0,13500000,1,0,1,0,1
747,1500.0,3,2.0,other,1.0,14000000,1,0,1,0,1
748,1150.0,2,2.0,other,2.0,10800000,1,0,1,1,0
749,900.0,3,2.0,"New Manglapuri, Sultanpur",1.0,9000000,1,1,0,1,0
750,1150.0,3,2.0,"New Manglapuri, Sultanpur",1.0,6300000,1,0,0,1,0
751,1000.0,3,3.0,other,1.0,5500000,1,1,1,1,0
752,450.0,1,1.0,"New Manglapuri, Sultanpur",1.0,2350000,1,0,1,1,0
753,1350.0,3,3.0,other,1.0,8500000,1,0,1,1,0
754,445.0,1,2.0,other,1.0,1650000,1,0,1,1,0
755,1200.0,2,2.0,other,1.0,10000000,1,0,1,1,0
757,1100.0,2,2.0,other,1.0,2800000,1,0,0,1,0
758,700.0,2,2.0,other,1.0,2600000,1,0,0,1,0
759,500.0,1,1.0,"New Manglapuri, Sultanpur",1.0,2350000,1,0,0,0,0
760,540.0,1,1.0,other,1.0,2350000,1,0,1,0,1
761,450.0,1,1.0,other,1.0,2000000,1,1,0,0,1
762,800.0,2,2.0,other,1.0,5000000,0,0,0,1,0
763,700.0,2,2.0,"New Manglapuri, Sultanpur",1.0,3500000,1,0,0,1,0
764,750.0,2,2.0,other,1.0,4500000,0,0,0,1,0
765,750.0,2,2.0,other,1.0,4000000,1,0,0,0,1
766,1600.0,3,3.0,"New Manglapuri, Sultanpur",1.0,10800000,1,0,0,0,1
767,1000.0,3,2.0,"New Manglapuri, Sultanpur",1.0,10000000,1,1,0,0,1
768,1600.0,3,3.0,"New Manglapuri, Sultanpur",1.0,10800000,1,0,0,0,1
769,900.0,3,2.0,other,1.0,9000000,1,0,0,1,0
770,1700.0,3,3.0,"New Manglapuri, Sultanpur",1.0,8500000,1,1,1,1,0
771,1100.0,3,2.0,"New Manglapuri, Sultanpur",1.0,6000000,1,0,0,1,0
772,1000.0,3,3.0,"New Manglapuri, Sultanpur",1.0,5500000,1,1,1,1,0
773,1000.0,3,2.0,other,1.0,7000000,1,1,0,1,0
774,1100.0,3,2.0,other,1.0,6000000,1,0,1,0,0
776,900.0,2,2.0,other,1.0,3100000,1,0,0,1,0
777,600.0,2,2.0,other,1.0,4500000,1,0,1,0,1
778,360.0,1,1.0,other,1.0,1500000,1,0,0,1,0
780,3600.0,2,2.0,other,1.0,4500000,1,1,0,1,0
781,1305.0,4,3.0,other,1.0,5500000,0,1,0,0,1
783,950.0,3,2.0,Chhattarpur,2.0,6990000,0,1,0,1,0
784,800.0,2,2.0,Chhattarpur,1.0,4400000,1,1,1,1,0
785,1800.0,4,4.0,other,1.0,12500000,1,0,0,1,0
786,800.0,2,2.0,Chhattarpur,1.0,3000000,1,1,0,1,0
787,675.0,2,2.0,Chhattarpur,1.0,2800000,1,1,0,1,0
788,1175.0,3,3.0,other,4.0,5000000,0,1,0,0,1
789,1500.0,3,3.0,Chhattarpur,4.0,6000000,1,0,0,0,1
790,810.0,2,2.0,Chhattarpur,4.0,4500000,1,0,1,0,1
791,630.0,2,2.0,other,1.0,2800000,1,0,1,0,1
792,650.0,2,2.0,Chhattarpur,1.0,2500000,1,0,0,1,0
793,1800.0,4,4.0,other,1.0,8500000,1,1,0,1,0
794,725.0,2,2.0,Chhattarpur,1.0,3000000,1,0,1,0,0
795,900.0,3,2.0,Chhattarpur,1.0,4900000,1,1,0,1,0
796,750.0,2,2.0,Chhattarpur,1.0,3500000,1,1,0,0,1
797,700.0,2,2.0,other,1.0,3000000,1,1,0,1,0
798,950.0,3,2.0,Chhattarpur,1.0,7020000,0,1,0,1,0
800,900.0,2,2.0,Chhattarpur,1.0,3500000,1,1,0,1,0
801,1500.0,3,3.0,Chhattarpur,1.0,7000000,1,1,0,1,0
803,1035.0,3,3.0,other,1.0,4500000,1,1,0,1,0
805,1300.0,3,3.0,Chhattarpur,1.0,4400000,1,1,0,1,0
806,765.0,2,2.0,Chhattarpur,4.0,2500000,1,1,0,0,1
807,580.0,1,1.0,other,1.0,1600000,1,1,0,1,0
808,1750.0,3,3.0,other,1.0,6500000,1,1,0,1,0
812,850.0,2,2.0,Mehrauli,1.0,2800000,1,0,1,1,0
814,405.0,1,1.0,Mehrauli,1.0,1800000,1,0,1,0,0
815,1350.0,3,3.0,Mehrauli,1.0,8500000,1,1,0,0,1
816,1350.0,3,3.0,Mehrauli,1.0,8500000,1,1,1,0,1
817,450.0,1,1.0,Mehrauli,1.0,1700000,1,1,0,0,1
818,1300.0,3,3.0,other,2.0,7000000,1,1,0,1,0
819,1050.0,3,2.0,Mehrauli,2.0,5600000,1,1,0,0,1
820,1675.0,4,3.0,Mehrauli,2.0,13500000,1,0,0,0,0
821,1250.0,3,3.0,Mehrauli,2.0,8500000,0,1,0,0,1
824,1250.0,3,2.0,other,1.0,6500000,1,0,1,1,0
825,1500.0,3,3.0,other,1.0,8400000,1,1,1,1,0
826,1350.0,3,3.0,Mehrauli,1.0,8500000,1,1,1,0,1
827,855.0,2,2.0,Mehrauli,1.0,4000000,1,0,0,1,0
828,540.0,1,1.0,Mehrauli,1.0,1700000,1,0,0,0,1
829,1044.0983,3,2.0,Mehrauli,1.0,6000000,1,0,0,0,1
830,405.0,1,1.0,Mehrauli,1.0,1600000,1,0,1,1,0
831,500.0,1,2.0,Mehrauli,1.0,2100000,1,0,1,1,0
832,450.0,1,1.0,Mehrauli,1.0,1700000,1,0,1,0,0
833,405.0,1,1.0,other,1.0,1500000,1,0,1,0,1
834,405.0,1,1.0,Mehrauli,1.0,1200000,1,0,0,0,1
835,450.0,1,1.0,other,1.0,1650000,1,0,1,0,1
837,1100.0,3,2.0,Mehrauli,1.0,8500000,1,0,0,0,1
838,600.0,2,2.0,Mehrauli,1.0,3200000,1,0,0,0,1
841,1100.0,3,2.0,Mahavir Enclave Part 1,1.0,7500000,1,1,0,1,0
842,1100.0,3,2.0,other,1.0,6500000,1,1,1,0,1
844,1000.0,2,2.0,other,1.0,6500000,1,0,0,1,0
845,1000.0,3,2.0,Mahavir Enclave Part 1,1.0,6200000,1,0,0,1,0
846,450.0,1,1.0,Mahavir Enclave Part 1,1.0,2500000,1,1,0,1,0
847,600.0,2,2.0,other,1.0,3000000,1,1,1,1,0
848,950.0,3,2.0,Mahavir Enclave Part 1,1.0,6000000,1,1,0,0,0
850,770.0,2,2.0,other,1.0,3790000,1,1,0,1,0
852,710.0,2,2.0,other,1.0,2900000,1,0,1,0,1
853,950.0,3,2.0,Mahavir Enclave Part 1,1.0,5000000,1,0,0,0,1
854,450.0,1,1.0,Mahavir Enclave Part 1,1.0,2100000,1,1,0,1,0
856,600.0,2,1.0,Mahavir Enclave Part 1,1.0,3000000,1,0,1,1,0
857,420.0,1,1.0,Mahavir Enclave Part 1,1.0,2300000,1,0,0,0,1
858,900.0,3,2.0,Mahavir Enclave Part 1,1.0,5900000,0,1,0,1,0
859,945.0,3,2.0,Mahavir Enclave Part 1,1.0,5500000,1,0,1,1,0
862,430.0,1,1.0,other,1.0,1850000,1,1,0,0,1
869,378.0,1,2.0,other,2.0,1500000,1,0,1,0,1
870,450.0,1,1.0,other,2.0,2200000,1,0,1,0,0
871,900.0,2,2.0,other,2.0,3800000,1,0,1,1,0
872,360.0,1,1.0,other,1.0,1800000,1,0,1,0,1
874,350.0,1,1.0,other,3.0,2500000,1,0,1,0,1
882,379.0,1,1.0,other,1.0,1600000,1,0,0,0,1
884,445.0,1,1.0,other,1.0,1500000,1,0,1,0,1
886,350.0,1,1.0,other,1.0,1490000,1,1,1,0,1
887,437.0,1,1.0,other,1.0,3500000,1,1,1,0,0
890,900.0,2,2.0,other,1.0,4600000,1,0,1,0,1
891,350.0,1,1.0,other,1.0,1800000,1,0,0,1,0
897,990.0,3,2.0,other,1.0,5000000,1,0,0,0,0
898,425.0,1,1.0,other,1.0,2200000,1,0,1,0,1
900,1400.0,3,3.0,other,2.0,34000000,1,1,0,1,0
901,3600.0,4,4.0,other,3.0,60000000,1,1,0,1,0
902,3000.0,4,5.0,other,4.0,74500000,1,1,0,1,0
905,3000.0,4,4.0,other,2.0,67000000,1,1,0,0,1
906,850.0,2,2.0,Malviya Nagar,2.0,8500000,1,0,0,0,1
907,750.0,2,2.0,Malviya Nagar,2.0,11500000,0,1,0,0,1
908,2600.0,4,5.0,other,3.0,52500000,1,1,0,1,0
909,800.0,2,2.0,Malviya Nagar,1.0,12000000,1,1,0,1,0
911,700.0,2,2.0,Malviya Nagar,1.0,9000000,1,0,1,1,0
913,900.0,3,2.0,other,1.0,6200000,1,0,1,1,0
915,900.0,2,3.0,other,2.0,12500000,1,0,0,1,0
916,1500.0,2,2.0,Malviya Nagar,3.0,13000000,1,1,0,1,0
918,2000.0,4,4.0,Malviya Nagar,2.0,36000000,1,1,0,1,0
919,500.0,1,1.0,Malviya Nagar,2.0,2300000,1,0,1,0,1
920,1125.0,2,2.0,Malviya Nagar,2.0,8100000,1,0,0,0,1
921,1300.0,3,3.0,Malviya Nagar,1.0,10000000,1,0,0,1,0
922,2500.0,4,5.0,other,1.0,62500000,1,1,0,0,1
924,1290.0,3,2.0,Malviya Nagar,2.0,20000000,1,0,0,1,0
926,1350.0,3,3.0,other,2.0,30000000,1,1,0,1,0
927,1400.0,3,3.0,other,1.0,30000000,1,1,0,1,0
928,1700.0,3,3.0,other,2.0,30000000,1,1,0,0,1
932,400.0,1,1.0,"Dilshad Colony, Dilshad Garden",1.0,3500000,1,0,1,1,0
933,650.0,2,2.0,"Dilshad Colony, Dilshad Garden",1.0,6500000,1,0,0,0,1
934,900.0,2,2.0,"Dilshad Colony, Dilshad Garden",2.0,6900000,1,0,0,0,0
935,400.0,1,1.0,"Dilshad Colony, Dilshad Garden",1.0,3600000,1,0,0,0,1
936,900.0,3,2.0,"Dilshad Colony, Dilshad Garden",2.0,13500000,1,0,1,1,0
937,1000.0,3,2.0,other,1.0,9200000,1,0,1,0,0
938,405.0,1,1.0,"Dilshad Colony, Dilshad Garden",1.0,2500000,1,0,1,0,1
939,1700.0,3,2.0,other,1.0,17000000,1,0,1,0,0
942,750.0,2,1.0,other,2.0,6500000,1,1,1,1,0
944,370.0,1,1.0,"Dilshad Colony, Dilshad Garden",2.0,2400000,1,0,0,0,1
945,1800.0,3,3.0,"Dilshad Colony, Dilshad Garden",1.0,15000000,1,1,0,1,0
946,1080.0,3,1.0,other,1.0,7000000,1,1,1,0,1
947,350.0,1,1.0,other,1.0,4200000,1,0,1,0,1
949,900.0,3,2.0,"Dilshad Colony, Dilshad Garden",1.0,4800000,1,0,1,1,0
950,800.0,2,2.0,"Dilshad Colony, Dilshad Garden",1.0,7500000,1,0,1,1,0
951,350.0,1,1.0,other,1.0,3000000,1,0,1,0,1
952,430.556,1,1.0,other,1.0,4300000,1,0,1,0,1
953,500.0,1,1.0,"Dilshad Colony, Dilshad Garden",1.0,2600000,1,0,0,1,0
954,1450.0,2,2.0,other,1.0,7000000,1,0,1,0,1
955,800.0,2,2.0,"Dilshad Colony, Dilshad Garden",1.0,6000000,1,0,0,0,1
956,1000.0,2,2.0,"Dilshad Colony, Dilshad Garden",1.0,6700000,1,0,1,1,0
957,1000.0,3,3.0,other,1.0,9500000,1,0,1,0,0
958,1600.0,3,2.0,other,1.0,17000000,1,0,1,1,0
960,1500.0,3,3.0,Vasundhara Enclave,1.0,12000000,1,0,1,1,0
961,1050.0,2,2.0,Vasundhara Enclave,1.0,9000000,1,0,1,1,0
962,1300.0,3,2.0,other,2.0,11500000,1,0,1,1,0
963,1600.0,4,3.0,other,1.0,20000000,1,0,1,0,0
964,900.0,2,2.0,other,1.0,8550000,1,0,1,1,0
965,1350.0,4,4.0,other,1.0,10500000,1,0,1,1,0
966,1000.0,3,2.0,other,2.0,12000000,1,0,1,0,0
967,1400.0,3,2.0,other,1.0,11000000,1,0,1,0,1
968,975.0,3,2.0,Vasundhara Enclave,1.0,12000000,1,0,1,1,0
972,1300.0,3,3.0,Vasundhara Enclave,1.0,9200000,1,0,1,0,0
973,1459.0,3,3.0,Vasundhara Enclave,1.0,14200000,1,0,1,1,0
974,1000.0,2,2.0,other,1.0,7500000,1,0,1,1,0
975,1100.0,2,2.0,other,1.0,9500000,1,0,1,1,0
976,1450.0,3,2.0,other,1.0,14000000,1,0,1,0,0
977,1450.0,3,3.0,other,1.0,11600000,1,0,1,1,0
978,1150.0,3,3.0,Vasundhara Enclave,1.0,12000000,1,0,1,1,0
979,780.0,2,2.0,Vasundhara Enclave,1.0,7500000,1,0,1,1,0
980,1300.0,3,2.0,other,2.0,9800000,1,0,1,1,0
981,1350.0,3,3.0,other,1.0,12000000,1,0,1,1,0
982,1200.0,3,2.0,other,1.0,12500000,1,0,1,1,0
983,1460.0,3,3.0,other,1.0,16500000,1,0,1,1,0
984,1460.0,3,3.0,Vasundhara Enclave,1.0,12000000,1,0,1,0,1
985,1100.0,2,2.0,Vasundhara Enclave,1.0,7200000,1,0,1,0,1
986,1500.0,3,3.0,other,2.0,15000000,1,0,1,0,0
987,1050.0,2,2.0,other,1.0,10000000,1,0,1,1,0
988,1350.0,3,3.0,other,1.0,11000000,1,0,1,1,0
989,1500.0,2,2.0,other,2.0,24700000,0,1,1,0,0
992,450.0,1,1.0,other,1.0,1700000,1,1,0,1,0
993,900.0,2,2.0,"Sukhdev Vihar, Okhla",1.0,11000000,1,0,1,0,1
998,1531.0,2,2.0,other,2.0,25900000,0,1,1,0,1
999,1000.0,2,2.0,"Sukhdev Vihar, Okhla",2.0,11700000,1,0,0,0,1
1001,900.0,3,2.0,other,1.0,5500000,1,0,0,0,0
1002,1512.0,2,2.0,other,1.0,30000000,0,1,1,0,1
1004,1500.0,3,2.0,"Sukhdev Vihar, Okhla",1.0,16000000,1,0,1,1,0
1005,2907.0,4,4.0,"Sukhdev Vihar, Okhla",1.0,30000000,1,0,1,1,0
1006,2210.0,4,3.0,"Sukhdev Vihar, Okhla",1.0,41000000,1,0,0,1,0
1007,750.0,2,2.0,other,1.0,3800000,1,0,0,1,0
1011,1100.0,3,3.0,"Sukhdev Vihar, Okhla",2.0,12500000,1,0,1,1,0
1014,1260.0,3,2.0,other,1.0,7000000,1,0,0,1,0
1015,675.0,2,2.0,other,1.0,3100000,1,0,0,0,1
1016,810.0,2,2.0,"Sukhdev Vihar, Okhla",1.0,14500000,1,0,1,1,0
1017,3150.0,4,5.0,"Sukhdev Vihar, Okhla",3.0,61500000,1,1,0,1,0
1018,2000.0,4,4.0,"Sukhdev Vihar, Okhla",1.0,27500000,1,0,0,1,0
1019,1775.0,3,3.0,"The Amaryllis, Karol Bagh",1.0,25500000,0,1,1,1,0
1020,1135.0,3,3.0,"The Amaryllis, Karol Bagh",2.0,25000000,0,0,1,0,0
1021,1252.0,2,2.0,"The Amaryllis, Karol Bagh",1.0,18500000,0,1,1,1,0
1022,2000.0,4,4.0,"The Amaryllis, Karol Bagh",1.0,39700000,0,1,1,1,0
1024,1332.0,3,2.0,other,1.0,6540000,1,0,0,1,0
1025,1017.0,3,3.0,"The Amaryllis, Karol Bagh",1.0,22000000,1,1,1,1,0
1026,1775.0,3,3.0,"The Amaryllis, Karol Bagh",1.0,25500000,0,1,1,1,0
1027,987.0,2,2.0,"The Amaryllis, Karol Bagh",1.0,17000000,1,1,1,1,0
1028,1912.0,3,3.0,"The Amaryllis, Karol Bagh",1.0,27500000,0,1,1,1,0
1029,5236.0,5,7.0,"The Amaryllis, Karol Bagh",3.0,73700000,0,1,1,0,1
1030,2805.0,4,4.0,"The Amaryllis, Karol Bagh",2.0,52300000,0,0,1,0,1
1031,1500.0,3,3.0,other,2.0,16000000,1,0,1,0,1
1032,1280.0,3,3.0,other,2.0,15000000,1,0,0,0,0
1033,1775.0,3,3.0,"The Amaryllis, Karol Bagh",1.0,25500000,0,1,1,1,0
1034,675.0,2,2.0,other,1.0,10000000,1,0,0,1,0
1036,1206.0,3,3.0,other,1.0,20000000,1,0,0,1,0
1037,1143.0,2,2.0,other,1.0,16000000,1,0,1,0,1
1038,345.0,1,1.0,other,1.0,5500000,1,0,0,1,0
1039,720.0,2,1.0,other,1.0,7000000,1,0,0,1,0
1041,1600.0,3,3.0,other,1.0,24000000,1,1,0,1,0
1042,950.0,2,2.0,other,1.0,12500000,1,0,1,0,0
1044,1200.0,3,2.0,other,1.0,14500000,1,0,0,1,0
1045,1501.0,3,2.0,"The Amaryllis, Karol Bagh",1.0,20000000,0,0,1,1,0
1046,1135.0,3,3.0,"The Amaryllis, Karol Bagh",2.0,24500000,0,0,1,0,0
1047,1200.0,3,2.0,"The Amaryllis, Karol Bagh",1.0,20900000,0,0,1,1,0
1048,2200.0,3,3.0,"The Amaryllis, Karol Bagh",1.0,43100000,1,1,1,1,0
1049,1240.0,3,3.0,other,1.0,18000000,1,0,1,0,1
1050,3002.0,4,5.0,"DLF Capital Greens, New Moti Nagar, Kirti Nagar",2.0,50000000,1,0,1,1,0
1051,1350.0,3,2.0,"New Moti Nagar, Kirti Nagar",1.0,18500000,1,0,1,0,1
1052,2300.0,4,5.0,"New Moti Nagar, Kirti Nagar",3.0,46500000,1,1,1,1,0
1053,1429.0,3,3.0,"New Moti Nagar, Kirti Nagar",2.0,17500000,1,0,1,0,1
1054,2430.0,4,5.0,"New Moti Nagar, Kirti Nagar",2.0,42500000,1,0,1,1,0
1055,1450.0,3,3.0,"DLF Capital Greens, New Moti Nagar, Kirti Nagar",2.0,15500000,1,1,1,1,0
1056,1250.0,2,2.0,"DLF Capital Greens, New Moti Nagar, Kirti Nagar",2.0,15000000,1,0,1,0,0
1057,2800.0,4,4.0,"DLF Capital Greens, New Moti Nagar, Kirti Nagar",2.0,40000000,1,0,1,0,1
1058,1646.0,3,3.0,"DLF Capital Greens, New Moti Nagar, Kirti Nagar",1.0,20000000,1,0,1,0,1
1059,900.0,2,2.0,"New Moti Nagar, Kirti Nagar",1.0,6700000,1,0,1,1,0
1060,1250.0,3,2.0,"DLF Capital Greens, New Moti Nagar, Kirti Nagar",1.0,16000000,1,0,1,1,0
1061,900.0,3,2.0,"New Moti Nagar, Kirti Nagar",1.0,8000000,1,0,0,0,1
1062,1590.0,3,2.0,"DLF Capital Greens, New Moti Nagar, Kirti Nagar",2.0,25000000,1,1,1,0,1
1064,2282.0,4,5.0,"DLF Capital Greens, New Moti Nagar, Kirti Nagar",2.0,37500000,1,0,1,0,1
1065,1260.0,3,3.0,"DLF Capital Greens, New Moti Nagar, Kirti Nagar",1.0,25000000,1,0,1,1,0
1066,1457.0,3,3.0,"New Moti Nagar, Kirti Nagar",1.0,23000000,1,0,1,0,1
1067,1400.0,3,2.0,"New Moti Nagar, Kirti Nagar",2.0,17500000,1,0,1,1,0
1068,2175.0,4,4.0,other,1.0,44000000,1,0,1,0,1
1069,1450.0,3,3.0,"DLF Capital Greens, New Moti Nagar, Kirti Nagar",2.0,15000000,1,1,1,1,0
1070,2800.0,4,5.0,"DLF Capital Greens, New Moti Nagar, Kirti Nagar",2.0,42500000,1,0,1,1,0
1071,861.112,2,2.0,"New Moti Nagar, Kirti Nagar",2.0,5000000,1,0,0,0,0
1072,2282.0,4,5.0,"DLF Capital Greens, New Moti Nagar, Kirti Nagar",2.0,38000000,1,0,1,0,1
1073,1753.0,3,3.0,"DLF Capital Greens, New Moti Nagar, Kirti Nagar",1.0,19000000,1,0,1,0,1
1074,2659.0,4,5.0,"New Moti Nagar, Kirti Nagar",3.0,43500000,1,0,1,0,1
1075,1550.0,3,2.0,"New Moti Nagar, Kirti Nagar",3.0,19500000,1,0,1,0,1
1076,1470.0,3,2.0,"DLF Capital Greens, New Moti Nagar, Kirti Nagar",2.0,14200000,1,1,1,1,0
1078,1138.0,2,2.0,"New Moti Nagar, Kirti Nagar",2.0,13500000,1,1,1,1,0
1079,1600.0,3,3.0,Sheikh Sarai Phase 1,2.0,21000000,1,1,0,1,0
1080,1600.0,3,3.0,Sheikh Sarai Phase 1,1.0,22500000,1,0,0,1,0
1081,1250.0,2,4.0,other,1.0,19000000,1,0,0,1,0
1084,1700.0,3,3.0,other,2.0,8000000,1,0,0,0,1
1085,1800.0,3,4.0,Sheikh Sarai Phase 1,2.0,19000000,1,0,1,1,0
1086,600.0,1,1.0,other,2.0,7000000,1,1,1,0,1
1087,1250.0,3,3.0,other,1.0,5800000,1,1,0,0,1
1089,1600.0,3,4.0,Sheikh Sarai Phase 1,1.0,18800000,1,0,1,0,1
1090,1100.0,3,2.0,other,1.0,6000000,1,1,0,1,0
1091,450.0,1,1.0,other,1.0,2200000,1,1,1,0,1
1093,1291.668,3,2.0,Sheikh Sarai Phase 1,1.0,23500000,1,0,1,0,1
1094,1300.0,2,2.0,Sheikh Sarai Phase 1,2.0,16000000,1,0,1,1,0
1095,1350.0,3,3.0,Sheikh Sarai Phase 1,2.0,20000000,1,0,1,0,1
1096,900.0,2,2.0,Sheikh Sarai Phase 1,2.0,5500000,1,1,0,0,1
1097,850.0,2,2.0,Sheikh Sarai Phase 1,1.0,13500000,1,0,1,1,0
1098,1650.0,3,3.0,Sheikh Sarai Phase 1,1.0,22500000,1,0,0,1,0
1099,650.0,2,2.0,other,1.0,3800000,1,0,1,0,1
1100,630.0,2,2.0,other,1.0,4600000,1,0,0,1,0
1101,1250.0,2,1.0,Sheikh Sarai Phase 1,2.0,17500000,1,0,1,1,0
1102,1800.0,4,3.0,other,2.0,5500000,1,1,0,0,0
1103,1500.0,3,3.0,Sheikh Sarai Phase 1,2.0,22500000,1,0,0,1,0
1104,1100.0,2,2.0,Sheikh Sarai Phase 1,1.0,12500000,1,0,1,1,0
1105,1400.0,3,2.0,Sheikh Sarai Phase 1,2.0,19000000,1,0,1,1,0
1106,1300.0,2,2.0,Sheikh Sarai Phase 1,2.0,15500000,1,0,1,1,0
1107,1100.0,2,2.0,Sheikh Sarai Phase 1,2.0,13500000,1,0,1,1,0
1108,1600.0,3,3.0,Sheikh Sarai Phase 1,2.0,21000000,1,0,1,1,0
1109,2250.0,4,4.0,other,2.0,50000000,1,1,0,1,0
1110,2592.0,4,3.0,other,2.0,42500000,1,0,0,0,1
1112,1700.0,3,3.0,other,2.0,23000000,1,0,0,1,0
1113,1640.0,3,3.0,other,1.0,12000000,1,0,1,0,1
1114,2572.0,3,3.0,other,4.0,35000000,1,0,1,0,0
1115,2100.0,3,3.0,other,1.0,25000000,1,0,0,1,0
1116,1620.0,3,3.0,other,1.0,29000000,1,1,0,1,0
1118,2250.0,3,3.0,other,2.0,20500000,1,0,1,1,0
1119,2445.0,4,4.0,other,1.0,52500000,1,0,1,1,0
1120,2250.0,4,4.0,other,2.0,37500000,1,1,0,0,1
1121,800.0,2,2.0,other,2.0,7500000,1,0,1,1,0
1122,1450.0,3,3.0,other,2.0,32500000,1,0,0,1,0
1123,1440.0,3,3.0,other,2.0,24500000,1,0,0,0,1
1124,5220.0,5,5.0,other,2.0,65000000,1,0,0,0,1
1125,1800.0,3,3.0,other,2.0,27500000,1,1,0,1,0
1128,807.2925,2,1.0,other,1.0,8000000,1,0,0,1,0
1129,3500.0,4,4.0,other,3.0,75100000,1,1,0,0,0
1130,1000.0,2,2.0,other,1.0,7800000,1,0,1,1,0
1131,900.0,2,2.0,other,1.0,15000000,1,0,0,1,0
1132,1800.0,3,3.0,other,1.0,27500000,1,0,0,0,0
1133,17010.0,3,3.0,other,2.0,25000000,1,0,0,1,0
1134,2340.0,4,4.0,other,1.0,26000000,1,0,0,1,0
1135,1350.0,3,3.0,other,1.0,23500000,1,0,1,0,1
1137,954.0,2,2.0,other,1.0,10000000,1,0,0,0,1
1138,1155.0,2,2.0,other,1.0,18500000,1,0,0,1,0
1140,980.0,2,2.0,other,2.0,13800000,1,0,1,1,0
1141,1350.0,3,3.0,other,2.0,21000000,1,0,1,1,0
1142,1800.0,3,3.0,other,2.0,22500000,1,0,1,1,0
1143,968.751,2,2.0,other,2.0,15000000,1,0,1,1,0
1144,1250.0,3,3.0,other,2.0,20000000,1,1,1,1,0
1145,1800.0,3,3.0,other,2.0,20000000,1,1,1,0,0
1146,1400.0,3,2.0,other,2.0,26000000,1,0,0,1,0
1147,1000.0,3,3.0,other,2.0,19500000,1,0,1,1,0
1148,1800.0,4,2.0,other,1.0,21500000,1,0,1,1,0
1149,1500.0,3,3.0,Alaknanda,1.0,26500000,1,1,1,0,1
1150,1600.0,3,3.0,other,2.0,20000000,1,0,1,1,0
1151,1400.0,3,3.0,other,1.0,18000000,1,0,1,0,0
1152,1400.0,3,2.0,Alaknanda,1.0,19000000,1,0,1,0,1
1153,2700.0,4,4.0,other,2.0,36500000,1,0,0,0,1
1154,1100.0,2,2.0,Alaknanda,2.0,15000000,1,0,1,0,1
1155,1200.0,2,2.0,Alaknanda,2.0,17500000,1,0,1,1,0
1156,1400.0,2,2.0,Alaknanda,2.0,14000000,1,0,1,1,0
1157,1500.0,3,3.0,other,2.0,21000000,1,0,1,1,0
1158,1320.0,3,2.0,Alaknanda,2.0,15600000,1,0,1,0,1
1159,1300.0,3,3.0,other,2.0,19000000,1,0,1,0,1
1160,1150.0,2,2.0,other,1.0,16500000,1,0,1,0,1
1161,1440.0,3,3.0,Alaknanda,1.0,19000000,1,0,1,0,1
1162,1400.0,2,2.0,other,1.0,16500000,1,0,1,0,1
1163,450.0,1,1.0,Alaknanda,1.0,3000000,1,0,0,1,0
1164,1300.0,2,2.0,other,1.0,15000000,1,0,1,1,0
1165,1200.0,2,2.0,other,1.0,14300000,1,0,1,0,1
1166,1300.0,3,2.0,other,1.0,18500000,1,0,1,0,1
1167,1400.0,3,3.0,other,1.0,19000000,1,0,1,0,0
1168,1400.0,3,3.0,Alaknanda,1.0,19000000,1,0,1,1,0
1170,700.0,2,2.0,other,1.0,3800000,1,1,0,1,0
1171,900.0,3,3.0,other,1.0,7000000,1,1,0,1,0
1172,1260.0,3,3.0,other,2.0,16500000,1,0,0,1,0
1173,950.0,3,2.0,other,1.0,8000000,1,1,1,1,0
1174,405.0,1,1.0,other,1.0,5600000,1,0,0,0,1
1175,1800.0,2,2.0,other,1.0,21000000,1,0,0,0,0
1176,1300.0,3,3.0,other,2.0,21000000,1,0,0,1,0
1177,1000.0,3,3.0,other,2.0,8600000,1,1,1,1,0
1178,900.0,3,2.0,other,2.0,6600000,1,0,1,1,0
1179,1800.0,3,3.0,other,2.0,14000000,1,0,0,1,0
1180,720.0,2,2.0,other,2.0,4700000,1,0,0,0,1
1181,1485.0,3,3.0,other,1.0,30000000,1,0,1,0,1
1182,1600.0,3,3.0,other,2.0,26000000,1,0,0,1,0
1183,1200.0,2,2.0,other,2.0,18500000,1,0,1,0,0
1184,900.0,2,2.0,other,2.0,6500000,1,0,1,1,0
1185,900.0,2,2.0,other,2.0,15000000,1,0,1,0,1
1186,800.0,2,2.0,other,1.0,8000000,1,0,0,1,0
1187,1150.0,2,3.0,other,2.0,16100000,1,0,1,1,0
1188,900.0,3,3.0,other,1.0,6800000,1,1,0,1,0
1189,1070.0,3,2.0,other,1.0,6800000,1,0,1,0,0
1190,1050.0,2,2.0,other,1.0,9000000,1,0,1,0,1
1191,1000.0,2,2.0,other,1.0,18000000,1,0,0,1,0
1192,1550.0,3,3.0,other,2.0,27500000,1,0,0,0,1
1193,1300.0,3,2.0,other,1.0,13500000,1,0,1,0,1
1194,810.0,2,2.0,other,1.0,14000000,1,1,0,1,0
1195,900.0,2,2.0,other,1.0,9000000,1,0,0,0,0
1196,1200.0,2,2.0,other,1.0,16000000,1,0,1,0,1
1197,1000.0,2,3.0,other,1.0,11000000,1,0,1,1,0
1198,720.0,2,2.0,other,1.0,5500000,0,1,0,0,1
1201,1800.0,3,3.0,Hauz Khas,2.0,43500000,1,1,0,1,0
1204,2000.0,3,3.0,other,2.0,37500000,1,0,1,0,1
1207,1100.0,3,3.0,other,2.0,18500000,1,0,1,0,1
1208,4500.0,4,4.0,Hauz Khas,2.0,70000000,1,1,0,1,0
1209,4500.0,4,5.0,other,2.0,85000000,1,1,0,1,0
1212,1750.0,3,3.0,Hauz Khas,2.0,35000000,1,0,0,0,1
1213,3600.0,4,4.0,other,2.0,65000000,0,1,0,1,0
1214,1200.0,2,2.0,other,1.0,27500000,1,0,0,0,0
1218,1600.0,3,4.0,Hauz Khas,2.0,27500000,1,0,0,1,0
1219,2800.0,4,5.0,Hauz Khas,3.0,70000000,1,1,0,1,0
1220,1700.0,3,3.0,other,1.0,36500000,1,0,1,1,0
1222,1980.0,3,4.0,other,1.0,35000000,0,1,1,0,1
1224,5400.0,4,4.0,other,2.0,110000000,1,0,0,0,1
1225,1250.0,3,3.0,other,1.0,24000000,1,0,0,1,0
1230,1250.0,3,3.0,other,1.0,25500000,0,1,0,1,0
1231,1600.0,3,3.0,Chittaranjan Park,2.0,33500000,1,1,0,1,0
1232,2600.0,4,5.0,Chittaranjan Park,3.0,62500000,1,1,0,1,0
1234,1116.0,3,3.0,Chittaranjan Park,1.0,14700000,1,0,0,1,0
1235,1070.0,2,3.0,Chittaranjan Park,1.0,18000000,1,1,0,1,0
1236,1200.0,3,3.0,Chittaranjan Park,1.0,22500000,1,1,0,1,0
1237,1200.0,3,3.0,Chittaranjan Park,1.0,22000000,1,1,0,0,1
1238,1200.0,3,3.0,other,1.0,22200000,1,1,0,1,0
1239,1450.0,3,3.0,Chittaranjan Park,1.0,22500000,1,0,0,1,0
1240,1000.0,2,2.0,Chittaranjan Park,1.0,7500000,1,0,1,1,0
1244,1350.0,3,2.0,other,1.0,17500000,1,0,0,1,0
1245,2625.0,4,5.0,Chittaranjan Park,2.0,60000000,1,1,0,1,0
1246,1800.0,4,4.0,Chittaranjan Park,2.0,40000000,1,1,0,1,0
1248,1440.0,3,3.0,Chittaranjan Park,2.0,22500000,1,1,0,1,0
1249,1900.0,3,4.0,Chittaranjan Park,2.0,28500000,1,1,0,1,0
1250,1800.0,3,3.0,Chittaranjan Park,2.0,29000000,1,0,0,1,0
1251,1200.0,3,2.0,Chittaranjan Park,1.0,15500000,1,0,0,1,0
1252,1800.0,3,3.0,other,1.0,26000000,1,0,0,1,0
1253,1200.0,3,3.0,Chittaranjan Park,1.0,16500000,1,0,0,1,0
1254,4118.0,4,5.0,Chittaranjan Park,3.0,55000000,1,1,0,0,1
1255,1050.0,3,2.0,Chittaranjan Park,3.0,12500000,1,0,0,1,0
1257,990.0,2,2.0,other,1.0,11500000,1,0,0,0,1
1258,11050.0,3,3.0,Chittaranjan Park,1.0,18500000,1,1,0,0,1
